../../../../.git/annex/objects/mQ/mz/MD5E-s373--5b5b45ed5d17d0297b36938e86cbad3e.csv/MD5E-s373--5b5b45ed5d17d0297b36938e86cbad3e.csv