../../../../.git/annex/objects/G2/5k/MD5E-s373--64e2ecbff791abd8e236478d8168d4ed.csv/MD5E-s373--64e2ecbff791abd8e236478d8168d4ed.csv