../../../.git/annex/objects/qj/6K/MD5E-s373--9c00b2bdecd23c40fb8562ad981f7b4c.csv/MD5E-s373--9c00b2bdecd23c40fb8562ad981f7b4c.csv