../../../.git/annex/objects/Xj/VV/MD5E-s227--47ccac1e10bd716276d54c81e21db5a9.csv/MD5E-s227--47ccac1e10bd716276d54c81e21db5a9.csv